0 0.625 0.123497 0.048851 0.030601
0 0.72318 0.132787 0.047893 0.029508
0 0.44636 0.436612 0.057471 0.057923
0 0.504789 0.43388 0.024904 0.019672
0 0.524425 0.44153 0.031609 0.028415
0 0.505747 0.465574 0.04023 0.039344
0 0.551245 0.493989 0.060345 0.06776
0 0.646552 0.499454 0.051724 0.045902
0 0.934387 0.469399 0.022031 0.025137
0 0.204502 0.434973 0.068008 0.06776
0 0.188218 0.493989 0.043103 0.043716
0 0.390805 0.578142 0.051724 0.052459
0 0.448755 0.601639 0.050766 0.04918
0 0.511973 0.625137 0.050766 0.050273
0 0.572797 0.64918 0.051724 0.052459
0 0.622605 0.668306 0.030651 0.036066