0 0.118774 0.679235 0.068966 0.09071
0 0.748563 0.268852 0.025862 0.02623
0 0.822797 0.299454 0.017241 0.019672
0 0.83908 0.303825 0.017241 0.017486
0 0.836686 0.365574 0.022031 0.022951
0 0.829023 0.382514 0.020115 0.021858
0 0.821839 0.4 0.022989 0.019672
0 0.810824 0.418579 0.018199 0.024044
0 0.673372 0.324044 0.022989 0.022951
0 0.63841 0.401093 0.027778 0.02623
0 0.784962 0.46776 0.027778 0.034973
0 0.800287 0.512022 0.031609 0.03388
0 0.775862 0.546448 0.028736 0.030601
0 0.935824 0.186339 0.030651 0.022951