0 0.073276 0.027322 0.025862 0.019672
0 0.062261 0.037705 0.02682 0.016393
0 0.049808 0.04918 0.028736 0.019672
0 0.605843 0.16776 0.043103 0.046995
0 0.719349 0.186885 0.063218 0.065574
0 0.797893 0.125683 0.036398 0.032787
0 0.83477 0.137705 0.037356 0.032787
0 0.871648 0.151913 0.04023 0.039344
0 0.460249 0.238798 0.046935 0.042623
0 0.476533 0.261749 0.037356 0.036066
0 0.507184 0.251366 0.043103 0.043716
0 0.553161 0.277049 0.037356 0.036066
0 0.523467 0.30929 0.041188 0.039344
0 0.560824 0.363934 0.029693 0.02623
0 0.589559 0.366667 0.041188 0.042623
0 0.569444 0.392896 0.045019 0.042623
0 0.596743 0.40929 0.044061 0.04918
0 0.614943 0.382514 0.045977 0.04153
0 0.22749 0.607104 0.062261 0.064481
0 0.310824 0.659563 0.045019 0.044809
0 0.124042 0.661202 0.062261 0.076503
0 0.185345 0.708743 0.037356 0.038251
0 0.23659 0.732787 0.045977 0.055738
0 0.073755 0.734973 0.061303 0.077596
0 0.096743 0.810929 0.044061 0.052459
0 0.141284 0.828415 0.064176 0.076503
0 0.180077 0.808197 0.047893 0.062295
0 0.60249 0.16776 0.042146 0.046995
0 0.721743 0.189071 0.064176 0.063388