0 0.124521 0.31694 0.045977 0.043716
0 0.10728 0.353005 0.045977 0.043716
0 0.170498 0.29071 0.045977 0.04153
0 0.211207 0.271038 0.043103 0.04153
0 0.227969 0.287432 0.028736 0.030601
0 0.289751 0.331694 0.037356 0.038251
0 0.34387 0.289071 0.036398 0.038251
0 0.37931 0.274863 0.04023 0.036066
0 0.436303 0.229508 0.037356 0.039344
0 0.460249 0.213661 0.023946 0.03388
0 0.537835 0.243169 0.045019 0.038251
0 0.410441 0.339344 0.037356 0.036066
0 0.384579 0.357923 0.031609 0.040437
0 0.35249 0.372131 0.036398 0.036066
0 0.318966 0.398907 0.051724 0.04153
0 0.576149 0.331148 0.060345 0.059016
0 0.780651 0.243169 0.047893 0.040437
0 0.784962 0.33224 0.041188 0.039344
0 0.898467 0.349727 0.042146 0.04153
0 0.864943 0.379235 0.045977 0.043716
0 0.829981 0.414754 0.043103 0.042623
0 0.759579 0.479781 0.051724 0.045902
0 0.701628 0.52623 0.068008 0.07541
0 0.764847 0.59235 0.064176 0.080874
0 0.527778 0.637158 0.044061 0.052459
0 0.465038 0.634973 0.054598 0.054645
0 0.566571 0.686339 0.050766 0.065574
0 0.566092 0.742623 0.051724 0.068852