0 0.782088 0.13224 0.020115 0.021858
0 0.796456 0.159563 0.022031 0.019672
0 0.809387 0.188525 0.032567 0.027322
0 0.827107 0.224044 0.023946 0.021858
0 0.42864 0.18306 0.020115 0.016393
0 0.452586 0.181421 0.025862 0.019672
0 0.479406 0.175956 0.025862 0.017486
0 0.485153 0.221311 0.022031 0.018579
0 0.501437 0.225683 0.025862 0.016393
0 0.499521 0.236066 0.023946 0.015301
0 0.487069 0.240984 0.027778 0.020765
0 0.48228 0.262295 0.020115 0.019672
0 0.514847 0.3 0.025862 0.022951
0 0.102011 0.304372 0.023946 0.027322
0 0.180556 0.313661 0.058429 0.050273
0 0.20546 0.359016 0.056513 0.051366
0 0.458812 0.491803 0.051724 0.048087
0 0.394636 0.727322 0.05364 0.060109
0 0.32136 0.785246 0.052682 0.053552
0 0.05364 0.73388 0.034483 0.036066
0 0.014847 0.83224 0.033525 0.036066
0 0.054119 0.854645 0.033525 0.050273
0 0.101533 0.865574 0.036398 0.043716