0 0.192529 0.118579 0.057471 0.051366
0 0.269157 0.164481 0.055556 0.060109
0 0.319923 0.367213 0.057471 0.078689
0 0.369253 0.389071 0.054598 0.054645
0 0.452107 0.323497 0.057471 0.054645
0 0.497605 0.335519 0.052682 0.045902
0 0.514847 0.431694 0.027778 0.030601
0 0.576628 0.361749 0.059387 0.072131
0 0.613985 0.314208 0.059387 0.068852
0 0.659483 0.517486 0.066092 0.088525
0 0.725575 0.561749 0.077586 0.091803
0 0.693008 0.612022 0.056513 0.069945
0 0.626437 0.57377 0.057471 0.065574
0 0.62069 0.650273 0.057471 0.072131
0 0.556513 0.68306 0.09387 0.085246
0 0.900383 0.648634 0.068966 0.068852
0 0.638889 0.265574 0.051724 0.052459
0 0.711686 0.296721 0.055556 0.04918