0 0.241935 0.852807 0.084229 0.081942
0 0.230735 0.905159 0.061828 0.080425
0 0.307348 0.84522 0.082437 0.163885
0 0.373208 0.819423 0.054659 0.091047
0 0.443548 0.844461 0.0681 0.125948
0 0.425179 0.921851 0.054659 0.092564
0 0.479839 0.891502 0.06362 0.138088
0 0.284946 0.595599 0.050179 0.08953
0 0.255376 0.480273 0.075269 0.092564
0 0.271953 0.424886 0.079749 0.091047
0 0.261649 0.362671 0.071685 0.094082
0 0.274194 0.305766 0.084229 0.08953
0 0.263441 0.248862 0.069892 0.094082
0 0.272849 0.188923 0.079749 0.08346
0 0.258961 0.132018 0.069892 0.081942
0 0.309588 0.154021 0.051075 0.095599
0 0.347222 0.132777 0.043907 0.092564
0 0.381272 0.158574 0.051075 0.107739
0 0.413082 0.177542 0.048387 0.084977
0 0.43862 0.144917 0.045699 0.092564
0 0.485215 0.141882 0.047491 0.08953
0 0.387993 0.466616 0.055556 0.125948
0 0.439964 0.472686 0.048387 0.095599
0 0.492832 0.407436 0.05914 0.104704
0 0.503584 0.521244 0.051971 0.104704
0 0.558244 0.584977 0.075269 0.107739
0 0.573925 0.665402 0.043907 0.086495
0 0.568996 0.39909 0.05914 0.078907
0 0.552419 0.330804 0.060036 0.072838
0 0.569444 0.291351 0.06362 0.075873
0 0.668459 0.640364 0.023297 0.045524
0 0.718638 0.658574 0.021505 0.042489
0 0.708781 0.602428 0.016129 0.027314
0 0.709229 0.562974 0.017025 0.039454
0 0.850358 0.814871 0.023297 0.033384
0 0.840054 0.83915 0.018817 0.033384
0 0.860663 0.837633 0.025986 0.036419
0 0.728943 0.864947 0.022401 0.030349
0 0.901882 0.837633 0.024194 0.036419
0 0.922939 0.836874 0.026882 0.034901
0 0.9319 0.814112 0.023297 0.037936