0 0.1341 0.295628 0.084291 0.099454
0 0.235632 0.40765 0.057471 0.059016
0 0.299808 0.291803 0.051724 0.045902
0 0.34818 0.456284 0.062261 0.064481
0 0.44205 0.387432 0.054598 0.071038
0 0.536398 0.354645 0.049808 0.057923
0 0.785441 0.494536 0.074713 0.062295
0 0.80795 0.546995 0.064176 0.055738
0 0.82136 0.67541 0.071839 0.059016
0 0.786877 0.73388 0.083333 0.068852
0 0.863985 0.393989 0.059387 0.066667
0 0.90182 0.290164 0.060345 0.04918
0 0.828065 0.2 0.056513 0.045902
0 0.982759 0.059016 0.034483 0.045902