0 0.29944 0.913661 0.061567 0.069945
0 0.306903 0.802186 0.059701 0.061202
0 0.308769 0.701093 0.057836 0.055738
0 0.328825 0.596721 0.084888 0.087432
0 0.34375 0.434973 0.090485 0.087432
0 0.347948 0.354645 0.08209 0.068852
0 0.526119 0.35082 0.04291 0.043716
0 0.526119 0.56612 0.052239 0.048087
0 0.534049 0.809836 0.053172 0.072131
0 0.381996 0.206011 0.058769 0.04918
0 0.481343 0.191257 0.06903 0.065574
0 0.553172 0.176503 0.04291 0.042623
0 0.625933 0.167213 0.039179 0.043716
0 0.347948 0.088525 0.029851 0.034973
0 0.40625 0.088525 0.060634 0.065574
0 0.482276 0.073224 0.076493 0.063388
0 0.358209 0.023497 0.037313 0.040437