0 0.064176 0.036612 0.070881 0.066667
0 0.036877 0.12459 0.068008 0.072131
0 0.022031 0.22459 0.044061 0.071038
0 0.111111 0.233333 0.072797 0.086339
0 0.023946 0.63224 0.042146 0.081967
0 0.104885 0.749727 0.083333 0.089617
0 0.123563 0.634426 0.09387 0.099454
0 0.146552 0.528962 0.088123 0.091803
0 0.165709 0.430055 0.099617 0.095082
0 0.192529 0.332787 0.088123 0.088525
0 0.215038 0.221311 0.08908 0.07541
0 0.239464 0.118579 0.078544 0.071038
0 0.415709 0.038251 0.084291 0.065574
0 0.404215 0.118579 0.086207 0.071038
0 0.391762 0.218579 0.090038 0.076503
0 0.376437 0.318579 0.070881 0.071038
0 0.366858 0.43388 0.095785 0.091803
0 0.359674 0.544262 0.094828 0.098361
0 0.341954 0.653552 0.095785 0.107104
0 0.326149 0.769945 0.087165 0.095082
0 0.621169 0.629508 0.100575 0.102732
0 0.610153 0.165574 0.090038 0.073224
0 0.614464 0.242623 0.085249 0.076503
0 0.778257 0.151366 0.094828 0.092896
0 0.791667 0.248087 0.094828 0.100546
0 0.827586 0.681421 0.088123 0.108197
0 0.72318 0.837705 0.109195 0.149727
0 0.841475 0.845902 0.112069 0.144262