0 0.12069 0.239344 0.04023 0.048087
0 0.162356 0.254645 0.043103 0.048087
0 0.208333 0.256284 0.043103 0.051366
0 0.262452 0.261202 0.045977 0.050273
0 0.391284 0.315847 0.046935 0.045902
0 0.383142 0.374317 0.072797 0.071038
0 0.329502 0.64918 0.061303 0.065574
0 0.341475 0.729508 0.054598 0.066667
0 0.333812 0.804372 0.052682 0.072131
0 0.309866 0.910383 0.071839 0.076503
0 0.676724 0.3 0.071839 0.066667
0 0.675766 0.387978 0.100575 0.093989
0 0.679119 0.484699 0.105364 0.095082
0 0.680077 0.586885 0.101533 0.102732
0 0.681513 0.826776 0.119732 0.13224
0 0.685345 0.951366 0.113985 0.097268
0 0.887452 0.174317 0.048851 0.046995
0 0.864464 0.284153 0.090996 0.085246
0 0.864943 0.40765 0.103448 0.098361
0 0.886015 0.550273 0.105364 0.101639
0 0.894636 0.684699 0.090038 0.086339
0 0.934387 0.962295 0.125479 0.073224