0 0.222481 0.159016 0.034515 0.03388
0 0.011194 0.287978 0.016791 0.018579
0 0.077892 0.245902 0.01959 0.019672
0 0.118004 0.281421 0.023321 0.016393
0 0.139459 0.289617 0.025187 0.017486
0 0.151586 0.307104 0.023321 0.019672
0 0.058302 0.328962 0.034515 0.02623
0 0.115205 0.391803 0.023321 0.020765
0 0.139925 0.378689 0.020522 0.018579
0 0.125933 0.397268 0.022388 0.022951
0 0.138526 0.412022 0.023321 0.021858
0 0.155317 0.398907 0.021455 0.021858
0 0.168843 0.434973 0.020522 0.021858
0 0.186101 0.413661 0.021455 0.020765
0 0.23181 0.364481 0.021455 0.018579
0 0.250466 0.379235 0.025187 0.019672
0 0.293843 0.413661 0.022388 0.027322
0 0.228545 0.43388 0.037313 0.030601
0 0.267724 0.510383 0.050373 0.054645
0 0.399254 0.537705 0.044776 0.059016
0 0.441231 0.477049 0.054104 0.057923
0 0.410448 0.614208 0.016791 0.019672
0 0.445896 0.611475 0.020522 0.022951
0 0.757929 0.852459 0.051306 0.052459