0 0.470785 0.079235 0.069923 0.053552
0 0.515805 0.140984 0.079502 0.063388
0 0.56705 0.211475 0.076628 0.057923
0 0.684387 0.371038 0.098659 0.077596
0 0.753352 0.468306 0.092912 0.084153
0 0.826149 0.577596 0.08908 0.09071
0 0.91954 0.700546 0.10728 0.102732
0 0.376437 0.214754 0.06705 0.051366
0 0.496169 0.417486 0.08046 0.065574
0 0.59818 0.59071 0.098659 0.086339
0 0.725575 0.812568 0.10249 0.106011
0 0.060345 0.25082 0.02682 0.029508
0 0.014368 0.362842 0.02682 0.037158
0 0.045019 0.475956 0.055556 0.040437
0 0.081897 0.613115 0.039272 0.032787
0 0.184866 0.961749 0.061303 0.059016