0 0.220307 0.137705 0.042146 0.032787
0 0.277299 0.12459 0.083333 0.065574
0 0.309866 0.169399 0.071839 0.045902
0 0.321839 0.269945 0.036398 0.039344
0 0.340517 0.303279 0.025862 0.029508
0 0.354885 0.32623 0.037356 0.03388
0 0.368295 0.363934 0.037356 0.04153
0 0.387452 0.393443 0.031609 0.037158
0 0.376437 0.284699 0.030651 0.03388
0 0.387931 0.244809 0.02682 0.032787
0 0.396552 0.265574 0.030651 0.028415
0 0.40182 0.29071 0.029693 0.034973
0 0.411398 0.316393 0.033525 0.036066
0 0.463602 0.186339 0.034483 0.027322
0 0.513889 0.19071 0.027778 0.031694
0 0.472701 0.221858 0.027778 0.032787
0 0.48659 0.25082 0.028736 0.040437
0 0.516284 0.303279 0.034483 0.029508
0 0.42864 0.431694 0.064176 0.072131
0 0.490421 0.39071 0.063218 0.055738
0 0.530172 0.382514 0.050766 0.052459
0 0.604885 0.433333 0.048851 0.046995
0 0.602969 0.469399 0.071839 0.060109
0 0.711207 0.907104 0.060345 0.06776