0 0.727011 0.19071 0.057471 0.053552
0 0.765326 0.233333 0.045977 0.040437
0 0.816571 0.270492 0.046935 0.042623
0 0.865421 0.312568 0.041188 0.039344
0 0.920019 0.346995 0.046935 0.04918
0 0.622605 0.275956 0.072797 0.064481
0 0.660441 0.328415 0.054598 0.046995
0 0.715038 0.367213 0.077586 0.072131
0 0.757184 0.423497 0.048851 0.046995
0 0.806992 0.460109 0.054598 0.059016
0 0.48659 0.392896 0.08046 0.07541
0 0.585249 0.484153 0.055556 0.056831
0 0.634579 0.54153 0.054598 0.060109
0 0.67433 0.6 0.065134 0.065574
0 0.363985 0.49071 0.084291 0.087432
0 0.410441 0.54918 0.048851 0.04918
0 0.458333 0.604372 0.08908 0.085246