1 0.273777 0.080173 0.072946 0.078007
1 0.2747 0.16468 0.063712 0.084507
1 0.386888 0.076381 0.081256 0.07909
1 0.387812 0.156555 0.079409 0.081257
1 0.460295 0.070964 0.065559 0.074756
1 0.461681 0.152763 0.070175 0.093174
1 0.385965 0.344529 0.108957 0.125677
1 0.39843 0.487541 0.117267 0.125677
1 0.518467 0.476165 0.111727 0.137595
1 0.512465 0.331528 0.105263 0.125677
1 0.188827 0.796316 0.135734 0.16468
1 0.344875 0.786566 0.135734 0.166847
1 0.503693 0.780607 0.130194 0.165764
1 0.9506 0.488624 0.078486 0.136511
1 0.95614 0.638678 0.076639 0.128927
1 0.963066 0.788191 0.057248 0.15493