1 0.194829 0.230228 0.125577 0.139762
1 0.337488 0.217226 0.122807 0.139762
1 0.476916 0.208017 0.122807 0.138678
1 0.369806 0.455038 0.124654 0.138678
1 0.506925 0.442037 0.121884 0.134345
1 0.518006 0.599675 0.121884 0.150596
1 0.529548 0.765439 0.1265 0.15493
1 0.388273 0.783857 0.128347 0.152763
1 0.379501 0.615926 0.12373 0.144095
1 0.158818 0.6961 0.062789 0.074756
1 0.160203 0.771939 0.061865 0.072589
1 0.163435 0.854821 0.066482 0.080173
1 0.22807 0.846154 0.062789 0.078007
1 0.224377 0.768689 0.060942 0.076923
1 0.221607 0.692308 0.055402 0.069339