1 0.308403 0.173889 0.092336 0.08559
1 0.400277 0.126761 0.102493 0.088841
1 0.492151 0.07909 0.097876 0.091008
1 0.22807 0.343987 0.084949 0.074756
1 0.263158 0.436078 0.083102 0.074756
1 0.385503 0.317443 0.156048 0.149512
1 0.534626 0.24052 0.155125 0.153846
1 0.321791 0.65493 0.124654 0.118093
1 0.430748 0.591549 0.124654 0.121343
1 0.541551 0.533044 0.124654 0.119177
1 0.65374 0.47779 0.127424 0.121343
1 0.369344 0.791441 0.131117 0.135428
1 0.482456 0.729144 0.128347 0.130011
1 0.594645 0.666306 0.125577 0.125677
1 0.699908 0.607801 0.10711 0.106176