1 0.070637 0.278982 0.119114 0.152763
1 0.206833 0.292524 0.121884 0.153846
1 0.34626 0.301192 0.116343 0.156013
1 0.485226 0.310943 0.12096 0.156013
1 0.624654 0.32286 0.124654 0.156013
1 0.76639 0.330986 0.11819 0.159263
1 0.871653 0.307151 0.053555 0.076923
1 0.869806 0.384074 0.055402 0.074756
1 0.530933 0.540087 0.092336 0.12026
1 0.525854 0.668472 0.091413 0.12351
1 0.629271 0.676056 0.089566 0.127844
1 0.634349 0.547671 0.088643 0.118093
1 0.735457 0.559047 0.085873 0.121343
1 0.733149 0.684182 0.086796 0.122427
1 0.83518 0.691224 0.091413 0.12351
1 0.839797 0.566089 0.087719 0.12026