1 0.262696 0.35753 0.111727 0.127844
1 0.213758 0.492416 0.108033 0.131094
1 0.381348 0.539545 0.103416 0.114843
1 0.66759 0.607259 0.155125 0.178765
1 0.933056 0.858072 0.091413 0.125677
1 0.427516 0.320693 0.042475 0.045504
1 0.489381 0.349404 0.040628 0.046587
1 0.579409 0.403034 0.043398 0.047671
1 0.514312 0.720477 0.042475 0.052004
1 0.714681 0.818527 0.038781 0.048754
1 0.455217 0.856446 0.038781 0.046587
1 0.493536 0.880823 0.043398 0.047671
1 0.604801 0.917118 0.066482 0.068256
1 0.122807 0.960997 0.051708 0.058505