1 0.124192 0.260022 0.117267 0.125677
1 0.22253 0.143554 0.10711 0.113759
1 0.206833 0.365114 0.077562 0.091008
1 0.26639 0.280065 0.074792 0.081257
1 0.323638 0.205309 0.072946 0.081257
1 0.458449 0.335861 0.091413 0.104009
1 0.533241 0.403034 0.091413 0.108342
1 0.616805 0.435536 0.081256 0.101842
1 0.689751 0.497833 0.088643 0.100758
1 0.766851 0.553629 0.063712 0.084507
1 0.683749 0.615926 0.069252 0.096425
1 0.61819 0.56338 0.067405 0.091008
1 0.561404 0.510293 0.070175 0.088841
1 0.509695 0.467497 0.055402 0.068256
1 0.464451 0.424702 0.057248 0.071506
1 0.421053 0.408451 0.044321 0.052004
1 0.388735 0.379198 0.042475 0.045504
1 0.885965 0.567714 0.052632 0.058505
1 0.93121 0.60455 0.050785 0.067172