1 0.06602 0.645179 0.106187 0.137595
1 0.185134 0.639762 0.11542 0.139762
1 0.300554 0.635428 0.108033 0.131094
1 0.420591 0.631094 0.128347 0.152763
1 0.5494 0.621885 0.127424 0.156013
1 0.675439 0.620802 0.124654 0.171181
1 0.808864 0.613759 0.132964 0.152763
1 0.06602 0.789816 0.12096 0.140845
1 0.185134 0.786566 0.10988 0.151679
1 0.301016 0.782774 0.105263 0.146262
1 0.421514 0.783857 0.128347 0.159263
1 0.554478 0.783315 0.132041 0.16468
1 0.683287 0.780065 0.120037 0.160347
1 0.813019 0.776815 0.130194 0.16468