1 0.274419 0.232936 0.106047 0.11701
1 0.369302 0.219393 0.100465 0.109426
1 0.086512 0.48429 0.111628 0.125677
1 0.097209 0.596966 0.112558 0.12351
1 0.107442 0.709642 0.116279 0.130011
1 0.116279 0.825027 0.109767 0.124594
1 0.125116 0.932286 0.106977 0.111593
1 0.328837 0.533044 0.125581 0.147346
1 0.442791 0.51571 0.124651 0.136511
1 0.558605 0.497291 0.12186 0.145179
1 0.673488 0.488624 0.156279 0.182015
1 0.799535 0.468581 0.155349 0.178765
1 0.802326 0.113218 0.073488 0.083424
1 0.811163 0.186349 0.07814 0.084507
1 0.872093 0.120802 0.101395 0.111593
1 0.888837 0.235103 0.106977 0.11701
1 0.344186 0.771939 0.106047 0.118093
1 0.45814 0.753521 0.101395 0.113759
1 0.575349 0.734561 0.106977 0.121343
1 0.672558 0.720477 0.104186 0.11701
1 0.768372 0.708017 0.106047 0.113759