1 0.246076 0.178223 0.071099 0.081257
1 0.244691 0.249729 0.073869 0.074756
1 0.242844 0.317443 0.072022 0.078007
1 0.240997 0.386782 0.072022 0.069339
1 0.06048 0.657096 0.078486 0.074756
1 0.234072 0.523294 0.069252 0.07584
1 0.234995 0.5948 0.072946 0.073673
1 0.233149 0.663055 0.069252 0.073673
1 0.229455 0.734561 0.078486 0.07584
1 0.373038 0.467497 0.070175 0.074756
1 0.369344 0.537378 0.073869 0.078007
1 0.366574 0.606176 0.073869 0.076923
1 0.362881 0.674431 0.066482 0.07909
1 0.363343 0.739437 0.063712 0.07909
1 0.43121 0.470206 0.070175 0.078007
1 0.430286 0.541712 0.064635 0.078007
1 0.427978 0.609426 0.065559 0.076923
1 0.421514 0.675515 0.067405 0.081257
1 0.419668 0.742687 0.065559 0.076923
1 0.48338 0.674431 0.063712 0.083424
1 0.480609 0.746479 0.069252 0.071506
1 0.540628 0.677681 0.061865 0.083424
1 0.537858 0.749729 0.065559 0.078007
1 0.600185 0.683099 0.070175 0.081257
1 0.599261 0.751896 0.072022 0.078007
1 0.662512 0.681473 0.065559 0.078007
1 0.658356 0.755146 0.070175 0.078007
1 0.71976 0.685265 0.069252 0.074756
1 0.713758 0.753521 0.070175 0.074756
1 0.539243 0.236186 0.075716 0.078007
1 0.533241 0.316901 0.085873 0.089924
1 0.643583 0.327194 0.099723 0.104009