1 0.389302 0.288732 0.114419 0.133261
1 0.52 0.29415 0.106047 0.124594
1 0.386977 0.439328 0.107907 0.133261
1 0.517674 0.445287 0.114419 0.134345
1 0.383721 0.650054 0.108837 0.138678
1 0.513953 0.65493 0.110698 0.135428
1 0.377674 0.808234 0.111628 0.143012
1 0.511628 0.813109 0.111628 0.139762
1 0.686047 0.298483 0.108837 0.126761
1 0.685581 0.449621 0.115349 0.130011
1 0.683721 0.65818 0.109767 0.135428
1 0.684186 0.81961 0.11814 0.135428
1 0.816279 0.306609 0.106977 0.130011
1 0.813488 0.456663 0.11814 0.135428
1 0.816744 0.666306 0.117209 0.138678
1 0.816744 0.826111 0.117209 0.139762