1 0.525392 0.153846 0.125577 0.156013
1 0.518929 0.312026 0.132964 0.145179
1 0.514774 0.468039 0.135734 0.153846
1 0.515697 0.62026 0.137581 0.133261
1 0.649123 0.624052 0.127424 0.138678
1 0.652816 0.477248 0.131117 0.152763
1 0.660665 0.316901 0.135734 0.148429
1 0.661588 0.161972 0.130194 0.152763
1 0.787165 0.169014 0.111727 0.119177
1 0.786242 0.297941 0.108033 0.130011
1 0.781625 0.432286 0.10988 0.125677
1 0.886888 0.157638 0.076639 0.07909
1 0.884118 0.238353 0.078486 0.071506
1 0.878578 0.315818 0.072946 0.081257
1 0.882733 0.398158 0.075716 0.08559
1 0.881348 0.482665 0.071099 0.083424
1 0.883657 0.631094 0.077562 0.094258