1 0.259926 0.569881 0.106187 0.143012
1 0.339797 0.680932 0.110803 0.150596
1 0.362881 0.479415 0.099723 0.137595
1 0.443675 0.583424 0.106187 0.141928
1 0.429825 0.379198 0.084026 0.097508
1 0.493075 0.454496 0.083102 0.100758
1 0.489843 0.326652 0.063712 0.070423
1 0.531856 0.291441 0.060942 0.078007
1 0.582179 0.251896 0.071099 0.083424
1 0.632964 0.213434 0.074792 0.078007
1 0.697138 0.272481 0.073869 0.081257
1 0.647276 0.31636 0.075716 0.084507
1 0.597415 0.35753 0.062789 0.073673
1 0.553093 0.393824 0.062789 0.074756