1 0.07156 0.317443 0.100646 0.11701
1 0.189289 0.308776 0.097876 0.114843
1 0.309326 0.3039 0.099723 0.111593
1 0.075716 0.455038 0.10157 0.114843
1 0.194829 0.448537 0.103416 0.112676
1 0.313481 0.445287 0.102493 0.114843
1 0.120037 0.685265 0.10711 0.107259
1 0.238227 0.680932 0.099723 0.115926
1 0.355494 0.677681 0.103416 0.111593
1 0.473223 0.668472 0.102493 0.11701
1 0.595568 0.663597 0.105263 0.113759
1 0.715143 0.660347 0.100646 0.113759
1 0.837027 0.651679 0.106187 0.115926
1 0.124192 0.830444 0.106187 0.118093
1 0.243767 0.82286 0.105263 0.12026
1 0.364266 0.819068 0.108033 0.112676
1 0.479686 0.813109 0.106187 0.12026
1 0.597876 0.808234 0.108033 0.12351
1 0.71976 0.804984 0.102493 0.12351
1 0.842567 0.7974 0.106187 0.11701