1 0.372576 0.122969 0.076639 0.081257
1 0.344875 0.204767 0.091413 0.08234
1 0.316251 0.289274 0.091413 0.08234
1 0.28301 0.373239 0.091413 0.087757
1 0.249769 0.459913 0.091413 0.08559
1 0.220683 0.545504 0.099723 0.087757
1 0.558633 0.23727 0.114497 0.114843
1 0.525854 0.345612 0.119114 0.104009
1 0.486611 0.452871 0.11265 0.11701
1 0.449677 0.567172 0.125577 0.118093
1 0.411357 0.684724 0.119114 0.11701
1 0.669437 0.27844 0.114497 0.11701
1 0.632041 0.386782 0.12096 0.112676
1 0.595568 0.502167 0.127424 0.118093
1 0.558633 0.616468 0.12373 0.11701
1 0.525392 0.736186 0.12373 0.122427