1 0.169302 0.150596 0.093023 0.125677
1 0.283721 0.147887 0.093023 0.124594
1 0.412093 0.15493 0.109767 0.147346
1 0.530698 0.154388 0.105116 0.150596
1 0.649767 0.159805 0.108837 0.137595
1 0.769767 0.159805 0.103256 0.144095
1 0.893023 0.163597 0.107907 0.136511
1 0.163256 0.283315 0.092093 0.126761
1 0.277209 0.286024 0.100465 0.125677
1 0.408372 0.286024 0.083721 0.114843
1 0.529767 0.291983 0.08093 0.113759
1 0.651163 0.292524 0.107907 0.147346
1 0.771163 0.299567 0.111628 0.152763
1 0.894419 0.302275 0.110698 0.145179