1 0.082326 0.076923 0.110698 0.140845
1 0.085581 0.241603 0.115349 0.143012
1 0.092558 0.445287 0.101395 0.121343
1 0.09907 0.597508 0.103256 0.133261
1 0.090233 0.792524 0.076279 0.105092
1 0.087442 0.900867 0.076279 0.100758
1 0.216279 0.076923 0.108837 0.134345
1 0.217209 0.235103 0.114419 0.149512
1 0.21814 0.440953 0.106977 0.130011
1 0.223256 0.5948 0.100465 0.127844
1 0.180465 0.789274 0.074419 0.098592
1 0.181395 0.900325 0.07814 0.104009
1 0.352558 0.07584 0.111628 0.138678
1 0.356279 0.230769 0.107907 0.140845
1 0.34093 0.440412 0.101395 0.128927
1 0.343721 0.592091 0.105116 0.133261
1 0.271163 0.789816 0.077209 0.101842
1 0.274419 0.900325 0.083721 0.110509
1 0.365116 0.786024 0.075349 0.105092
1 0.365581 0.89545 0.07814 0.100758
1 0.533023 0.786566 0.055814 0.069339
1 0.533953 0.856988 0.055814 0.071506