1 0.092336 0.069881 0.103416 0.118093
1 0.081256 0.21831 0.10711 0.12026
1 0.078947 0.368364 0.108033 0.12351
1 0.072484 0.524919 0.102493 0.131094
1 0.298246 0.12026 0.099723 0.125677
1 0.293167 0.252438 0.0988 0.11701
1 0.291782 0.391116 0.103416 0.12351
1 0.285319 0.526544 0.099723 0.121343
1 0.403509 0.099675 0.053555 0.058505
1 0.43398 0.201517 0.125577 0.140845
1 0.427516 0.363489 0.136657 0.146262
1 0.424746 0.519502 0.136657 0.146262
1 0.610342 0.087757 0.055402 0.056338
1 0.608957 0.14247 0.058172 0.055255
1 0.691136 0.323402 0.091413 0.115926
1 0.686057 0.448537 0.086796 0.106176
1 0.684211 0.567172 0.083102 0.102925
1 0.686057 0.697183 0.09603 0.109426