1 0.531628 0.069339 0.097674 0.097508
1 0.681395 0.076923 0.095814 0.101842
1 0.546047 0.215601 0.115349 0.130011
1 0.537674 0.363489 0.104186 0.12026
1 0.541395 0.499458 0.100465 0.110509
1 0.547442 0.631636 0.099535 0.104009
1 0.538605 0.77844 0.117209 0.124594
1 0.670233 0.22481 0.11814 0.12026
1 0.66093 0.369989 0.108837 0.113759
1 0.664651 0.510834 0.101395 0.107259
1 0.664651 0.640303 0.112558 0.108342
1 0.666512 0.78494 0.12186 0.131094
1 0.883721 0.094258 0.122791 0.127844
1 0.877674 0.307151 0.123721 0.131094
1 0.873488 0.570964 0.124651 0.130011
1 0.869767 0.788732 0.122791 0.136511