1 0.217674 0.36078 0.117209 0.125677
1 0.208837 0.540628 0.131163 0.136511
1 0.194884 0.742145 0.125581 0.147346
1 0.403721 0.742687 0.130233 0.150596
1 0.406047 0.543879 0.125581 0.136511
1 0.407907 0.35753 0.11814 0.127844
1 0.647907 0.208017 0.110698 0.112676
1 0.648372 0.355905 0.11907 0.124594
1 0.657209 0.542795 0.123721 0.138678
1 0.662326 0.736728 0.124651 0.149512
1 0.785581 0.203684 0.105116 0.110509
1 0.788837 0.351571 0.122791 0.126761
1 0.80186 0.53792 0.128372 0.137595
1 0.814419 0.736186 0.125581 0.150596