1 0.084026 0.229144 0.11819 0.137595
1 0.21422 0.289816 0.129271 0.139762
1 0.271006 0.140303 0.128347 0.146262
1 0.137119 0.07584 0.124654 0.136511
1 0.667128 0.086132 0.124654 0.135428
1 0.593259 0.301733 0.128347 0.152763
1 0.541551 0.45883 0.124654 0.139762
1 0.487996 0.607801 0.12096 0.140845
1 0.614958 0.668472 0.127424 0.143012
1 0.670822 0.516793 0.12096 0.145179
1 0.726223 0.364572 0.1265 0.133261
1 0.799631 0.149512 0.12373 0.132178
1 0.89289 0.443662 0.121884 0.135428
1 0.948292 0.232394 0.088643 0.128927