1 0.415512 0.068256 0.090489 0.093174
1 0.510619 0.069339 0.083102 0.097508
1 0.604801 0.069339 0.083102 0.097508
1 0.683287 0.053088 0.062789 0.065005
1 0.737304 0.050921 0.056325 0.065005
1 0.414589 0.17714 0.086796 0.098592
1 0.510619 0.176056 0.088643 0.100758
1 0.60988 0.179307 0.084026 0.107259
1 0.686981 0.12351 0.055402 0.069339
1 0.747922 0.12351 0.060942 0.067172
1 0.333333 0.429036 0.10711 0.140845
1 0.467221 0.422535 0.11819 0.134345
1 0.593259 0.420368 0.111727 0.136511
1 0.726685 0.417118 0.116343 0.136511
1 0.332872 0.588299 0.113573 0.140845
1 0.467221 0.58559 0.120037 0.133261
1 0.603416 0.588299 0.119114 0.140845
1 0.738227 0.587216 0.119114 0.149512
1 0.345799 0.850488 0.161588 0.201517
1 0.530009 0.846696 0.160665 0.1961
1 0.71699 0.848321 0.152355 0.197183