1 0.249769 0.057963 0.074792 0.061755
1 0.330563 0.077465 0.092336 0.081257
1 0.426131 0.105634 0.117267 0.102925
1 0.546168 0.138678 0.144968 0.149512
1 0.688366 0.178765 0.146814 0.153846
1 0.826408 0.218852 0.160665 0.162514
1 0.196214 0.260563 0.076639 0.061755
1 0.2747 0.281148 0.102493 0.089924
1 0.374423 0.310943 0.122807 0.110509
1 0.501385 0.350488 0.155125 0.165764
1 0.640813 0.387324 0.160665 0.159263
1 0.796861 0.432828 0.156971 0.172264
1 0.171283 0.540628 0.060018 0.065005
1 0.230379 0.561213 0.058172 0.065005
1 0.152816 0.619177 0.058172 0.059588
1 0.213296 0.637053 0.055402 0.056338
1 0.339797 0.628927 0.105263 0.122427
1 0.472761 0.672806 0.10711 0.121343
1 0.60434 0.711268 0.10988 0.12026
1 0.73361 0.760563 0.135734 0.138678