1 0.210065 0.156555 0.0988 0.094258
1 0.073407 0.274106 0.113573 0.110509
1 0.198984 0.388949 0.11542 0.12351
1 0.330102 0.253521 0.096953 0.106176
1 0.467221 0.362405 0.10157 0.118093
1 0.61819 0.487541 0.11542 0.134345
1 0.337488 0.517335 0.117267 0.139762
1 0.498153 0.663055 0.119114 0.160347
1 0.587719 0.193933 0.095106 0.097508
1 0.680517 0.258397 0.086796 0.096425
1 0.775162 0.324485 0.096953 0.113759
1 0.874885 0.400867 0.096953 0.11701
1 0.655586 0.087757 0.046168 0.047671
1 0.704063 0.12026 0.048938 0.049837
1 0.754386 0.154388 0.049861 0.046587
1 0.804247 0.184724 0.044321 0.055255