1 0.149584 0.178765 0.110803 0.125677
1 0.282087 0.172264 0.11542 0.121343
1 0.411819 0.164139 0.114497 0.124594
1 0.54663 0.157096 0.110803 0.12351
1 0.677747 0.156013 0.12373 0.121343
1 0.812096 0.148971 0.12096 0.126761
1 0.816713 0.303359 0.124654 0.130011
1 0.685596 0.308234 0.119114 0.126761
1 0.554017 0.315276 0.116343 0.138678
1 0.418283 0.318527 0.11819 0.134345
1 0.287627 0.326652 0.12096 0.131094
1 0.152816 0.331528 0.113573 0.132178
1 0.149123 0.546587 0.117267 0.133261
1 0.286242 0.54117 0.12373 0.131094
1 0.421053 0.536295 0.121884 0.134345
1 0.557248 0.531419 0.12096 0.131094
1 0.698061 0.52546 0.121884 0.136511
1 0.697138 0.68039 0.12373 0.143012
1 0.560018 0.685265 0.128347 0.139762
1 0.426593 0.692308 0.127424 0.145179