1 0.053488 0.157096 0.075349 0.078007
1 0.149302 0.14572 0.093953 0.100758
1 0.250233 0.147346 0.096744 0.099675
1 0.368837 0.13597 0.106977 0.12026
1 0.047442 0.307151 0.07814 0.072589
1 0.144651 0.321235 0.101395 0.107259
1 0.246977 0.320152 0.097674 0.102925
1 0.370233 0.325027 0.11907 0.125677
1 0.305116 0.573131 0.083721 0.084507
1 0.385581 0.574215 0.082791 0.084507
1 0.461395 0.572048 0.083721 0.088841
1 0.463721 0.719393 0.090233 0.084507
1 0.831628 0.66143 0.076279 0.072589
1 0.928837 0.638678 0.125581 0.118093
1 0.839535 0.873239 0.086512 0.078007
1 0.935349 0.891658 0.125581 0.125677