1 0.249767 0.182015 0.097674 0.121343
1 0.367442 0.17714 0.093023 0.124594
1 0.253488 0.310401 0.08093 0.115926
1 0.372093 0.302275 0.072558 0.112676
1 0.262326 0.427411 0.07814 0.109426
1 0.270233 0.552546 0.097674 0.132178
1 0.273488 0.687432 0.094884 0.128927
1 0.37907 0.421993 0.08093 0.107259
1 0.382326 0.544962 0.100465 0.130011
1 0.389302 0.683099 0.097674 0.133261
1 0.625581 0.14247 0.088372 0.113759
1 0.631163 0.286566 0.101395 0.126761
1 0.643256 0.462622 0.114419 0.156013
1 0.653953 0.651679 0.122791 0.157096
1 0.793488 0.128927 0.089302 0.114843
1 0.797209 0.274648 0.089302 0.128927
1 0.804186 0.450704 0.131163 0.156013
1 0.816279 0.64572 0.11814 0.156013